class_breaks <- c(0
	0.01738625
0.88391575
1.75044525
2.61697475
3.48350425
4.35003375
5.21656325
6.08309275
6.94962225
7.81615175
8.68268125
9.54921075
10.41574025
 11.28226975) # speed-duration sd = 1.733059  mean = 5.649828 max = 11.06507

#F9E8FB,#E5D7F7,#D2C6F1,#BFB6E9,#ABA6E0,#9997D6,#8688CB,#7479BE,#636BB0,#535DA1,#435090,#34437F,#26366D,#192A5B



class_breaks <- c(0
	1.040024
1.834502
2.62898
3.423458
4.217936
5.012414
5.806892
6.60137
7.395848
8.190326
8.984804
9.779282) # duration-distance sd = 1.588956  mean = 5.409653 max = 9.134647


#F9E8FB,#E2D4F6,#CBC0EE,#B4ADE5,#9E9BD9,#8889CC,#7378BD,#5F67AC,#4B5799,#394786,#283871,#192A5B


class_breaks <- c(0
	0.3271875
1.2229525
2.1187175
3.0144825
3.9102475
4.8060125
5.7017775
6.5975425
7.4933075
8.3890725
9.2848375
10.1806025
11.0763675) # speed-distance sd = 1.79153  mean = 5.253895 max = 12.25384


#F9E8FB,#E4D5F6,#CFC3F0,#BAB2E7,#A5A1DD,#9191D1,#7D80C4,#6A71B6,#5862A6,#475395,#364582,#27376F,#192A5B